
import numpy as np
import pandas as pd
from pandas import Series, DataFrame




In [2]:



missing = np.nan
series_obj = Series(['Val 1','Val 2','Val 3',missing,'Val 5','Val 6',missing,'Val 8',])
series_obj





Out[2]:

0    Val 1
1    Val 2
2    Val 3
3      NaN
4    Val 5
5    Val 6
6      NaN
7    Val 8
dtype: object



In [3]:



series_obj.isnull()





Out[3]:

0    False
1    False
2    False
3     True
4    False
5    False
6     True
7    False
dtype: bool



In [4]:



np.random.seed(25)
DF_obj = DataFrame(np.random.randn(36).reshape(6,6))
DF_obj





Out[4]:


 


0

1

2

3

4

5



0
0.228273 1.026890 -0.839585 -0.591182 -0.956888 -0.222326 

1
-0.619915 1.837905 -2.053231 0.868583 -0.920734 -0.232312 

2
2.152957 -1.334661 0.076380 -1.246089 1.202272 -1.049942 

3
1.056610 -0.419678 2.294842 -2.594487 2.822756 0.680889 

4
-1.577693 -1.976254 0.533340 -0.290870 -0.513520 1.982626 

5
0.226001 -1.839905 1.607671 0.388292 0.399732 0.405477 



In [5]:



DF_obj.ix[2:3, 0] =  missing
DF_obj.ix[4, 3] = missing
DF_obj

  

Out[5]:


 


0

1

2

3

4

5



0
0.228273 1.026890 -0.839585 -0.591182 -0.956888 -0.222326 

1
-0.619915 1.837905 -2.053231 0.868583 -0.920734 -0.232312 

2
NaN -1.334661 0.076380 -1.246089 1.202272 -1.049942 

3
NaN -0.419678 2.294842 -2.594487 2.822756 0.680889 

4
-1.577693 -1.976254 0.533340 NaN -0.513520 1.982626 

5
0.226001 -1.839905 1.607671 0.388292 0.399732 0.405477 



In [6]:



DF_obj.isnull()





Out[6]:


 


0

1

2

3

4

5



0
False False False False False False 

1
False False False False False False 

2
True False False False False False 

3
True False False False False False 

4
False False False True False False 

5
False False False False False False 



In [7]:



filled_DF = DF_obj.fillna(0)
filled_DF





Out[7]:


 


0

1

2

3

4

5



0
0.228273 1.026890 -0.839585 -0.591182 -0.956888 -0.222326 

1
-0.619915 1.837905 -2.053231 0.868583 -0.920734 -0.232312 

2
0.000000 -1.334661 0.076380 -1.246089 1.202272 -1.049942 

3
0.000000 -0.419678 2.294842 -2.594487 2.822756 0.680889 

4
-1.577693 -1.976254 0.533340 0.000000 -0.513520 1.982626 

5
0.226001 -1.839905 1.607671 0.388292 0.399732 0.405477 



In [8]:



filled_DF = DF_obj.fillna({0:0.1, 3:0.5})
filled_DF





Out[8]:


 


0

1

2

3

4

5



0
0.228273 1.026890 -0.839585 -0.591182 -0.956888 -0.222326 

1
-0.619915 1.837905 -2.053231 0.868583 -0.920734 -0.232312 

2
0.100000 -1.334661 0.076380 -1.246089 1.202272 -1.049942 

3
0.100000 -0.419678 2.294842 -2.594487 2.822756 0.680889 

4
-1.577693 -1.976254 0.533340 0.500000 -0.513520 1.982626 

5
0.226001 -1.839905 1.607671 0.388292 0.399732 0.405477 



In [9]:



filled_DF = DF_obj.fillna(method = 'ffill')
filled_DF





Out[9]:


 


0

1

2

3

4

5



0
0.228273 1.026890 -0.839585 -0.591182 -0.956888 -0.222326 

1
-0.619915 1.837905 -2.053231 0.868583 -0.920734 -0.232312 

2
-0.619915 -1.334661 0.076380 -1.246089 1.202272 -1.049942 

3
-0.619915 -0.419678 2.294842 -2.594487 2.822756 0.680889 

4
-1.577693 -1.976254 0.533340 -2.594487 -0.513520 1.982626 

5
0.226001 -1.839905 1.607671 0.388292 0.399732 0.405477 



In [10]:



np.random.seed(25)
DF_obj = DataFrame(np.random.randn(36).reshape(6,6))
DF_obj.ix[2:3, 0] =  missing
DF_obj.ix[4, 3] = missing
DF_obj




Out[10]:


 


0

1

2

3

4

5



0
0.228273 1.026890 -0.839585 -0.591182 -0.956888 -0.222326 

1
-0.619915 1.837905 -2.053231 0.868583 -0.920734 -0.232312 

2
NaN -1.334661 0.076380 -1.246089 1.202272 -1.049942 

3
NaN -0.419678 2.294842 -2.594487 2.822756 0.680889 

4
-1.577693 -1.976254 0.533340 NaN -0.513520 1.982626 

5
0.226001 -1.839905 1.607671 0.388292 0.399732 0.405477 



In [11]:



DF_obj.isnull().sum()





Out[11]:

0    2
1    0
2    0
3    1
4    0
5    0
dtype: int64



In [13]:



DF_no_nan = DF_obj.dropna()
DF_no_nan





Out[13]:


 


0

1

2

3

4

5



0
0.228273 1.026890 -0.839585 -0.591182 -0.956888 -0.222326 

1
-0.619915 1.837905 -2.053231 0.868583 -0.920734 -0.232312 

5
0.226001 -1.839905 1.607671 0.388292 0.399732 0.405477 



In [14]:



DF_no_nan = DF_obj.dropna(axis = 1)
DF_no_nan





Out[14]:


 


1

2

4

5



0
1.026890 -0.839585 -0.956888 -0.222326 

1
1.837905 -2.053231 -0.920734 -0.232312 

2
-1.334661 0.076380 1.202272 -1.049942 

3
-0.419678 2.294842 2.822756 0.680889 

4
-1.976254 0.533340 -0.513520 1.982626 

5
-1.839905 1.607671 0.399732 0.405477 



In [15]:



DF_no_nan_all = DF_obj.dropna(how='all')
DF_no_nan_all





Out[15]:


 


0

1

2

3

4

5



0
0.228273 1.026890 -0.839585 -0.591182 -0.956888 -0.222326 

1
-0.619915 1.837905 -2.053231 0.868583 -0.920734 -0.232312 

2
NaN -1.334661 0.076380 -1.246089 1.202272 -1.049942 

3
NaN -0.419678 2.294842 -2.594487 2.822756 0.680889 

4
-1.577693 -1.976254 0.533340 NaN -0.513520 1.982626 

5
0.226001 -1.839905 1.607671 0.388292 0.399732 0.405477 
